M01V01270000THE NEXT CLOSE-OFF FOR PAYMENT IS AUGUST 19, 2026 AT 7:00 P.M                                                                                                                                                                                                                                                                                                               
C12V0127000017699609J4674X4            0000000                        
C12V0127000017799609J4674X4            0000000                        
C12V0127000017899609J4674X4            0000000                        
C12V0127000018499609J4674X4            0000000                        
C12V0127000018599609J4674X4            0000000                        
C12V0127000018699609J4674X4            0000000                        
C12V012700001929960999609AA            0000000                        
C12V012700001929960999609AP            0000000                        
C12V012700001939960999609AA            0000000                        
C12V012700001939960999609AP            0000000                        
C12V012700001949960999609AA            0000000                        
C12V012700001949960999609AP            0000000                        
C12V01270000214J4674J4674X4            0000000                        
C12V01270000214J4674J4674X9            0000000                        
C12V01270000214J4674J4674X9            0000000                        
C12V01270000214J4674J4674W1            0000000                        
C12V01270000215J4674J4674X4            0000000                        
C12V01270000215J4674J4674X9            0000000                        
C12V01270000215J4674J4674X9            0000000                        
C12V01270000215J4674J4674W1            0000000                        
C12V01270000216J4674J4674X9            0000000                        
C12V01270000216J4674J4674W1            0000000                        
C12V01270000216J4674J4674X4            0000000                        
C12V01270000216J4674J4674X9            0000000                        
C12V0127000023099609J4674X4            0000000                        
C12V0127000023199609J4674X4            0000000                        
C12V0127000023299609J4674X4            0000000                        
C12V0127000023899609J4674X4            0000000                        
C12V0127000023999609J4674X4            0000000                        
C12V0127000024099609J4674X4            0000000                        
C12V012700002469960999609AA            0000000                        
C12V012700002469960999609AP            0000000                        
C12V012700002479960999609AA            0000000                        
C12V012700002479960999609AP            0000000                        
C12V012700002489960999609AA            0000000                        
C12V012700002489960999609AP            0000000                        
C12V01270000268J4674J4674X4            0000000                        
C12V01270000268J4674J4674X9            0000000                        
C12V01270000268J4674J4674X9            0000000                        
C12V01270000268J4674J4674W1            0000000                        
C12V01270000269J4674J4674X4            0000000                        
C12V01270000269J4674J4674X9            0000000                        
C12V01270000269J4674J4674X9            0000000                        
C12V01270000269J4674J4674W1            0000000                        
C12V01270000270J4674J4674X4            0000000                        
C12V01270000270J4674J4674X9            0000000                        
C12V01270000270J4674J4674X9            0000000                        
C12V01270000270J4674J4674W1            0000000                        
C12V0127000016499609J4674ABCPBJ        0000164                        
C12V0127000016599609J4674ABCPBJ        0000165                        
C12V0127000016699609J4674ABCPBJ        0000166                        
C12V0127000016899609J4674FXX4BJ        0000168                        
C12V0127000016999609J4674FXX4BJ        0000169                        
C12V0127000017099609J4674FXX4BJ        0000170                        
C12V0127000017299609J4674T3ABBJ        0000172                        
C12V0127000017399609J4674ABCKBJ        0000173                        
C12V0127000017499609J4674ABCKBJ        0000174                        
C12V0127000018099609J4674REABY2        0000180                        
C12V0127000018199609J4674REABY2        0000181                        
C12V0127000018299609J4674REABY2        0000182                        
C12V012700001889960999609CNVIBJ        0000188                        
C12V012700001899960999609CNVIBJ        0000189                        
C12V012700001909960999609CNVIBJ        0000190                        
C12V0127000020399609J4674ABCPBJ        0000203                        
C12V0127000020599609J4674ABCPBJ        0000205                        
C12V0127000020799609J4674ABCPBJ        0000207                        
C12V0127000021899609J4674ABCPBJ        0000218                        
C12V0127000021999609J4674ABCPBJ        0000219                        
C12V0127000022099609J4674ABCPBJ        0000220                        
C12V0127000022299609J4674FXX4BJ        0000222                        
C12V0127000022399609J4674FXX4BJ        0000223                        
C12V0127000022499609J4674FXX4BJ        0000224                        
C12V0127000022699609J4674T3ABBJ        0000226                        
C12V0127000022799609J4674ABCKBJ        0000227                        
C12V0127000022899609J4674ABCKBJ        0000228                        
C12V0127000023499609J4674REABY2        0000234                        
C12V0127000023599609J4674REABY2        0000235                        
C12V0127000023699609J4674REABY2        0000236                        
C12V012700002429960999609CNVIBJ        0000242                        
C12V012700002439960999609CNVIBJ        0000243                        
C12V012700002449960999609CNVIBJ        0000244                        
C12V0127000025799609J4674ABCPBJ        0000257                        
C12V0127000025999609J4674ABCPBJ        0000259                        
C12V0127000026199609J4674ABCPBJ        0000261                        
B14V01270000210MLRO20260804AB 00000000REJECTED - CODE: AB                                              996090000000                     
B14V01270000211JDRO20260804AB 00000000REJECTED - CODE: AB                                              996090000000                     
B14V01270000212AVJA20260804AB 00000000REJECTED - CODE: AB                                              996090000000                     
B14V01270000264MLRO20260804AB 00000000REJECTED - CODE: AB                                              996090000000                     
B14V01270000265JDRO20260804AB 00000000REJECTED - CODE: AB                                              996090000000                     
B14V01270000266AVJA20260804AB 00000000REJECTED - CODE: AB                                              996090000000                     
S21V0127000000020160629Z99609000001DR. MARK BIG SAMPLEINC.  001607769123456789000000000001351689000000000                                                             
S01V0127000069020160629P996090000029907136000000135000000231000012M3200000120200000050100000043400000050013193000862619980304                                         
S01V0127000070920160629P996090000039907136000000P35000000R  0000000  0000000  0000000  0000000  00000000013212000225019980304                                         
S01V0127000059320160629P996090000049907136000000235000000101000012532000001L04000000Q41000004R34000000R0013098000018319980301                                         
S01V0127000059420160629P9960900000599071360000001350000001  0000000  0000000  0000000  0000000  00000000013097000862619980301                                         
S01V0127000058420160629P9960900000699071360000001350000001  0000000  0000000  0000000  0000000  00000000013089000258319980301                                         
S01V0127000058520160629P9960900000799071360000001350000001  0000000  0000000  0000000  0000000  00000000013090000018319980301                                         
S01V0127000066320160629P9960900000899071360000001350000001  0000000  0000000  0000000  0000000  00000000013166000258319980301                                         
S01V0127000067120160629P9960900000999071360000001350000001  0000000  0000000  0000000  0000000  00000000013174000825119980301                                         
S01V0127000053420160629P9960900001099071360000001350000001  0000000  0000000  0000000  0000000  00000000013040000703319980218                                         
S01V0127000053520160629P9960900001199071360000001350000001  0000000  0000000  0000000  0000000  00000000013041001312619980218                                         
S01V0127000071120160629P9960900001299071360000001350000001  0000000  0000000  0000000  0000000  00000000013214000862619980304                                         
S02V0127000054920160629P996090000139907119980218BLBOOTHS            9123456789001998011600001  012100005498001  0121000042780012820UE            350000001  0000000  0000000  0000000  0000000  0000000  00000000000000000000000000                                         
S02V0127000029520160629P996090000149907119980223RLBOURGEON          912345678900199801220000J  04007000225}00J  04007000225}0012805DRQE          360000001350000001  0000000  0000000  0000000  0000000  00000000000000000019980213                                         
S01V0127000052620160629P9960900001599071360000001350000001  0000000  0000000  0000000  0000000  00000000013032004125419980218                                         
S01V0127000072720160629P9960900001699071360000001350000001  0000000  0000000  0000000  0000000  00000000013230001996319980304                                         
S01V0127000055820160629P9960900001799071360000001350000001  0000000  0000000  0000000  0000000  00000000013063000862619980301                                         
S01V0127000055920160629P9960900001899071360000001350000001  0000000  0000000  0000000  0000000  00000000013064000018319980301                                         
S01V0127000052320160629P9960900001999071360000001350000001  0000000  0000000  0000000  0000000  00000000013029004125419980218                                         
S01V0127000052420160629P9960900002099071360000001350000001  0000000  0000000  0000000  0000000  00000000013030001188319980218                                         
S01V0127000065220160629P9960900002199071360000001350000001  0000000  0000000  0000000  0000000  00000000013155000862619980301                                         
S01V0127000070820160629P9960900002299071360000001350000001  0000000  0000000  0000000  0000000  00000000013211000225019980304                                         
S01V0127000047120160629P9960900002399071360000001350000001  0000000  0000000  0000000  0000000  00000000012978001312619980218                                         
S01V0127000055520160629P9960900002499071360000001350000001  0000000  0000000  0000000  0000000  00000000013060000862619980301                                         
S01V0127000061320160629P9960900002599071360000001350000001  0000000  0000000  0000000  0000000  00000000013118000862619980301                                         
S01V0127000061420160629P9960900002699071360000001350000001  0000000  0000000  0000000  0000000  00000000013119000102419980301                                         
S01V0127000061520160629P9960900002799071  0000000  0000000  0000000  0000000  0000000  0000000  00000000013120000080019980301                                         
S01V0127000061920160629P9960900002899071360000001350000001  0000000  0000000  0000000  0000000  00000000013124000258319980301                                         
S01V0127000062020160629P9960900002999071360000001350000001  0000000  0000000  0000000  0000000  00000000013125000018319980301                                         
S01V0127000069320160629P9960900003099071360000001350000001  0000000  0000000  0000000  0000000  00000000013196000258319980304                                         
S01V0127000069420160629P9960900003199071360000001350000001  0000000  0000000  0000000  0000000  00000000013197000018319980304                                         
S01V0127000060420160629P9960900003299071360000001350000001  0000000  0000000  0000000  0000000  00000000013109000862619980301                                         
S01V0127000064120160629P9960900003399071360000001350000001  0000000  0000000  0000000  0000000  00000000013146000862619980301                                         
S02V0127000064220160629P996090000349907119980301CLFOLTELLARO        9123456789001998021800001  040100008626000  0401000000000013146HX              0000000  0000000  0000000  0000000  0000000  0000000  00000000000000000020160629                                         
S01V0127000064320160629P9960900003599071350000001  0000000  0000000  0000000  0000000  0000000  00000000013147000427819980301                                         
S01V0127000064420160629P9960900003699071360000001350000001  0000000  0000000  0000000  0000000  00000000013148001312619980301                                         
S02V0127000064520160629P996090000379907119980301CLFOLTELLARO        9123456789001998021900001  040010013126000  0400100000000013148HX              0000000  0000000  0000000  0000000  0000000  0000000  00000000000000000020160629                                         
S04V0127000064620160629H9960900003899071199803010013149BH                                                                                                             
S01V0127000063820160629P9960900003999071360000001350000001  0000000  0000000  0000000  0000000  00000000013143000862619980301                                         
S01V0127000063920160629P9960900004099071360000001350000001  0000000  0000000  0000000  0000000  00000000013144000750119980301                                         
S01V0127000069520160629P9960900004199071360000001350000001  0000000  0000000  0000000  0000000  00000000013198000862619980304                                         
S01V0127000067720160629P9960900004299071360000001350000001  0000000  0000000  0000000  0000000  00000000013180000862619980301                                         
S01V0127000067820160629P9960900004399071350000001  0000000  0000000  0000000  0000000  0000000  00000000013181000600819980301                                         
S01V0127000071220160629P9960900004499071360000001350000001  0000000  0000000  0000000  0000000  00000000013215004125419980304                                         
S01V0127000060620160629P9960900004599071360000001350000001  0000000  0000000  0000000  0000000  00000000013111000862619980301                                         
S01V0127000072220160629P9960900004699071360000001350000001  0000000  0000000  0000000  0000000  00000000013225000937719980304                                         
S01V0127000062320160629P9960900004799071360000001350000001  0000000  0000000  0000000  0000000  00000000013128000862619980301                                         
S01V0127000062420160629P9960900004899071360000001350000001  0000000  0000000  0000000  0000000  00000000013129000018319980301                                         
S01V0127000072620160629P9960900004999071360000001350000001  0000000  0000000  0000000  0000000  00000000013229000258319980304                                         
S01V0127000062220160629P9960900005099071360000001350000001  0000000  0000000  0000000  0000000  00000000013127000862619980301                                         
S01V0127000069820160629P9960900005199071360000001350000001  0000000  0000000  0000000  0000000  00000000013201000862619980304                                         
S01V0127000069920160629P9960900005299071360000001350000001  0000000  0000000  0000000  0000000  00000000013202000018319980304                                         
S01V0127000066520160629P9960900005399071360000001350000001  0000000  0000000  0000000  0000000  00000000013168000862619980301                                         
S02V0127000068820160629P996090000549907119980304A DELWOM            9123456789001998021200001  040100008626000  0401000000000013191HX              0000000  0000000  0000000  0000000  0000000  0000000  00000000000000000019980227                                         
S01V0127000068920160629P9960900005599071360000001350000001  0000000  0000000  0000000  0000000  00000000013192000225019980304                                         
S01V0127000067220160629P9960900005699071360000001350000001  0000000  0000000  0000000  0000000  00000000013175000862619980301                                         
S01V0127000067320160629P9960900005799071360000001350000001  0000000  0000000  0000000  0000000  00000000013176003330519980301                                         
S01V0127000067520160629P9960900005899071360000001350000001  0000000  0000000  0000000  0000000  00000000013178000258819980301                                         
S01V0127000067620160629P9960900005999071360000001350000001  0000000  0000000  0000000  0000000  00000000013179000690019980301                                         
S01V0127000071020160629P9960900006099071360000001350000001  0000000  0000000  0000000  0000000  00000000013213000225019980304                                         
S01V0127000061120160629P9960900006199071360000001350000001  0000000  0000000  0000000  0000000  00000000013116000862619980301                                         
S04V0127000071720160629H9960900006299071199803040013220BH                                                                                                             
S01V0127000071820160629P9960900006399071360000001350000001  0000000  0000000  0000000  0000000  00000000013221001312619980304                                         
S01V0127000071920160629P9960900006499071360000001350000001  0000000  0000000  0000000  0000000  00000000013222000562619980304                                         
S01V0127000057220160629P9960900006599071360000001350000001  0000000  0000000  0000000  0000000  00000000013077000862619980301                                         
S01V0127000060720160629P9960900006699071360000001350000001  0000000  0000000  0000000  0000000  00000000013112000862619980301                                         
S01V0127000072320160629P9960900006799071360000001350000001  0000000  0000000  0000000  0000000  00000000013226000750119980304                                         
S01V0127000056220160629P9960900006899071360000001350000001  0000000  0000000  0000000  0000000  00000000013067000862619980301                                         
S01V0127000066620160629P9960900006999071360000001350000001  0000000  0000000  0000000  0000000  00000000013169000862619980301                                         
S01V0127000068720160629P9960900007099071360000001350000001  0000000  0000000  0000000  0000000  00000000013190000862619980304                                         
S01V0127000057420160629P9960900007199071360000001350000001  0000000  0000000  0000000  0000000  00000000013079000862619980301                                         
S01V0127000057320160629P9960900007299071360000001350000001  0000000  0000000  0000000  0000000  00000000013078000862619980301                                         
S01V0127000058620160629P9960900007399071360000001350000001  0000000  0000000  0000000  0000000  00000000013091000258319980301                                         
S01V0127000058720160629P9960900007499071360000001350000001  0000000  0000000  0000000  0000000  00000000013092000018319980301                                         
S01V0127000070620160629P9960900007599071360000001350000001  0000000  0000000  0000000  0000000  00000000013209000862619980304                                         
S01V0127000069120160629P9960900007699071360000001350000001  0000000  0000000  0000000  0000000  00000000013194000225019980304                                         
S01V0127000059120160629P9960900007799071360000001350000001  0000000  0000000  0000000  0000000  00000000013096000862619980301                                         
S02V0127000059220160629P996090000789907119980301JCHELOWITZ          9123456789001998021900001  040100008626000  0401000000000013096HX              0000000  0000000  0000000  0000000  0000000  0000000  00000000000000000020160629                                         
S01V0127000059520160629P9960900007999071360000001350000001  0000000  0000000  0000000  0000000  00000000013100000262619980301                                         
S01V0127000059620160629P9960900008099071  0000000  0000000  0000000  0000000  0000000  0000000  00000000013101000240019980301                                         
S01V0127000055620160629P9960900008199071360000001350000001  0000000  0000000  0000000  0000000  00000000013061000862619980301                                         
S01V0127000055720160629P9960900008299071360000001350000001  0000000  0000000  0000000  0000000  00000000013062000018319980301                                         
S01V0127000055220160629P9960900008399071360000001350000001  0000000  0000000  0000000  0000000  00000000013057000862619980301                                         
S01V0127000055320160629P9960900008499071360000001350000001  0000000  0000000  0000000  0000000  00000000013058000262619980301                                         
S01V0127000055420160629P9960900008599071  0000000  0000000  0000000  0000000  0000000  0000000  00000000013059000240019980301                                         
S01V0127000057020160629P9960900008699071360000001350000001  0000000  0000000  0000000  0000000  00000000013075000862619980301                                         
S01V0127000057120160629P9960900008799071360000001350000001  0000000  0000000  0000000  0000000  00000000013076000018319980301                                         
S01V0127000039220160629P9960900008899071360000002350000001  0000000  0000000  0000000  0000000  00000000012901001312619980204                                         
S01V0127000058020160629P9960900008999071360000002350000001  0000000  0000000  0000000  0000000  00000000013085000862619980301                                         
S01V0127000058120160629P9960900009099071360000002350000001  0000000  0000000  0000000  0000000  00000000013086000225019980301                                         
S01V0127000065420160629P9960900009199071360000002350000001  0000000  0000000  0000000  0000000  00000000013157000937719980301                                         
S01V0127000059020160629P9960900009299071360000002350000001  0000000  0000000  0000000  0000000  00000000013095000225019980301                                         
S01V0127000060020160629P9960900009399071360000002350000001  0000000  0000000  0000000  0000000  00000000013105000862619980301                                         
S01V0127000060120160629P9960900009499071360000002350000001  0000000  0000000  0000000  0000000  00000000013106000018319980301                                         
S01V0127000060520160629P9960900009599071360000002350000001  0000000  0000000  0000000  0000000  00000000013110000862619980301                                         
S01V0127000070120160629P9960900009699071360000002350000001  0000000  0000000  0000000  0000000  00000000013204000225019980304                                         
S01V0127000072120160629P9960900009799071360000002350000001  0000000  0000000  0000000  0000000  00000000013224000937719980304                                         
S01V0127000061020160629P9960900009899071360000002350000001  0000000  0000000  0000000  0000000  00000000013115000225019980301                                         
S01V0127000068220160629P9960900009999071360000002350000001  0000000  0000000  0000000  0000000  00000000013185000862619980304                                         
S01V0127000053020160629P9960900010099071360000002350000001  0000000  0000000  0000000  0000000  00000000013036000703319980218                                         
S01V0127000053120160629P9960900010199071360000002350000001  0000000  0000000  0000000  0000000  00000000013037001312619980218                                         
S01V0127000060820160629P9960900010299071360000002350000001  0000000  0000000  0000000  0000000  00000000013113000225019980301                                         
S01V0127000055020160629P9960900010399071360000001350000001  0000000  0000000  0000000  0000000  00000000013055000225019980301                                         
S01V0127000068320160629P9960900010499071360000001350000001  0000000  0000000  0000000  0000000  00000000013186000862619980304                                         
S01V0127000070720160629P9960900010599071360000001350000001  0000000  0000000  0000000  0000000  00000000013210000862619980304                                         
S04V0127000065820160629H9960900010699071199803010013161BH                                                                                                             
S01V0127000065920160629P9960900010799071360000001350000001  0000000  0000000  0000000  0000000  00000000013162000309519980301                                         
S01V0127000071320160629P9960900010899071360000001350000001  0000000  0000000  0000000  0000000  00000000013216001312619980304                                         
S01V0127000071420160629P9960900010999071360000001350000001  0000000  0000000  0000000  0000000  00000000013217000562619980304                                         
S01V0127000066420160629P9960900011099071360000001350000001  0000000  0000000  0000000  0000000  00000000013167000862619980301                                         
S01V0127000059720160629P9960900011199071360000001350000001  0000000  0000000  0000000  0000000  00000000013102000862619980301                                         
S01V0127000059820160629P9960900011299071360000001350000001  0000000  0000000  0000000  0000000  00000000013103000018319980301                                         
S01V0127000060920160629P9960900011399071360000001350000002  0000000  0000000  0000000  0000000  00000000013114000862619980301                                         
S01V0127000072420160629P9960900011499071360000001350000002  0000000  0000000  0000000  0000000  00000000013227000937719980304                                         
S01V0127000052720160629P9960900011599071360000001350000002  0000000  0000000  0000000  0000000  00000000013033001312619980218                                         
S01V0127000058220160629P9960900011699071360000001350000002  0000000  0000000  0000000  0000000  00000000013087000862619980301                                         
S01V0127000058320160629P9960900011799071360000001350000002  0000000  0000000  0000000  0000000  00000000013088000018319980301                                         
S01V0127000044120160629P9960900011899071360000001350000002  0000000  0000000  0000000  0000000  00000000012948000431519980218                                         
S01V0127000064720160629P9960900011999071360000001350000002  0000000  0000000  0000000  0000000  00000000013150000862619980301                                         
S04V0127000064820160629H9960900012099071199803010013151BH                                                                                                             
S01V0127000064920160629P9960900012199071360000001350000002  0000000  0000000  0000000  0000000  00000000013152002242719980301                                         
S04V0127000065020160629H9960900012299071199803010013153BH                                                                                                             
S04V0127000065120160629H9960900012399071199803010013154BH                                                                                                             
S01V0127000063220160629P9960900012499071360000001350000002  0000000  0000000  0000000  0000000  00000000013137000862619980301                                         
S01V0127000069220160629P9960900012599071360000001350000002  0000000  0000000  0000000  0000000  00000000013195000862619980304                                         
S04V0127000066020160629H9960900012699071199803010013163BH                                                                                                             
S04V0127000066120160629H9960900012799071199803010013164BH                                                                                                             
S04V0127000066220160629H9960900012899071199803010013165BH                                                                                                             
S01V0127000061620160629P9960900012999071360000001350000002  0000000  0000000  0000000  0000000  00000000013121000862619980301                                         
S01V0127000060220160629P9960900013099071360000001350000002  0000000  0000000  0000000  0000000  00000000013107000862619980301                                         
S01V0127000068620160629P9960900013199071360000001350000005  0000000  0000000  0000000  0000000  00000000013189000225019980304                                         
S01V0127000072020160629P9960900013299071360000002350000005  0000000  0000000  0000000  0000000  00000000013223000937719980304                                         
S01V0127000059920160629P9960900013399071360000002350000005  0000000  0000000  0000000  0000000  00000000013104000862619980301                                         
S01V0127000048420160629P9960900013499071360000002350000005  0000000  0000000  0000000  0000000  00000000012991000258819980218                                         
S01V0127000060320160629P9960900013599071360000002350000004  0000000  0000000  0000000  0000000  00000000013108000225019980301                                         
S01V0127000067020160629P9960900013699071360000002350000004  0000000  0000000  0000000  0000000  00000000013173001524719980301                                         
S01V0127000046720160629P9960900013799071360000002350000003  0000000  0000000  0000000  0000000  00000000012974004125419980218                                         
S01V0127000046820160629P9960900013899071360000002350000002  0000000  0000000  0000000  0000000  00000000012975001687619980218                                         
S01V0127000067920160629P9960900013999071360000002350000002  0000000  0000000  0000000  0000000  00000000013182000862619980304                                         
S01V0127000068020160629P9960900014099071360000002350000001  0000000  0000000  0000000  0000000  00000000013183000262619980304                                         
S01V0127000068120160629P9960900014199071  0000000  0000000  0000000  0000000  0000000  0000000  00000000013184000240019980304                                         
S01V0127000057820160629P9960900014299071360000008350000001  0000000  0000000  0000000  0000000  00000000013083000862619980301                                         
S01V0127000057920160629P9960900014399071360000008350000001  0000000  0000000  0000000  0000000  00000000013084000018319980301                                         
S01V0127000071520160629P9960900014499071360000008350000001  0000000  0000000  0000000  0000000  00000000013218001312619980304                                         
S01V0127000071620160629P9960900014599071360000008350000001  0000000  0000000  0000000  0000000  00000000013219000562619980304                                         
S01V0127000066820160629P9960900014699071360000008350000001  0000000  0000000  0000000  0000000  00000000013171001524719980301                                         
S01V0127000056420160629P9960900014799071360000008350000001  0000000  0000000  0000000  0000000  00000000013069000862619980301                                         
S01V0127000056520160629P9960900014899071360000008350000001  0000000  0000000  0000000  0000000  00000000013070000018319980301                                         
S01V0127000056020160629P9960900014999071360000007350000001  0000000  0000000  0000000  0000000  00000000013065000862619980301                                         
S01V0127000056120160629P9960900015099071360000006350000001  0000000  0000000  0000000  0000000  00000000013066000018319980301                                         
S01V0127000070520160629P9960900015199071360000005350000001  0000000  0000000  0000000  0000000  00000000013208000862619980304                                         
S01V0127000061820160629P9960900015299071360000004350000001  0000000  0000000  0000000  0000000  00000000013123000862619980301                                         
S01V0127000068520160629P9960900015399071360000003350000001  0000000  0000000  0000000  0000000  00000000013188000862619980304                                         
S01V0127000062920160629P9960900015499071360000001350000013  0000000  0000000  0000000  0000000  00000000013134000862619980301                                         
S01V0127000063020160629P9960900015599071360000002350000012  0000000  0000000  0000000  0000000  00000000013135000750119980301                                         
S04V0127000063120160629H9960900015699071199803010013136BH                                                                                                             
S01V0127000056720160629P9960900015799071360000003350000011  0000000  0000000  0000000  0000000  00000000013072000862619980301                                         
S01V0127000070420160629P9960900015899071360000004350000010  0000000  0000000  0000000  0000000  00000000013207000225019980304                                         
S01V0127000046920160629P9960900015999071360000005350000009  0000000  0000000  0000000  0000000  00000000012976001312619980218                                         
S01V0127000054720160629P9960900016099071360000006350000008  0000000  0000000  0000000  0000000  00000000013053003562819980218                                         
S01V0127000062120160629P9960900016199071360000007350000007  0000000  0000000  0000000  0000000  00000000013126000225019980301                                         
S01V0127000057520160629P9960900016299071360000008350000006  0000000  0000000  0000000  0000000  00000000013080000862619980301                                         
S01V0127000057620160629P9960900016399071360000009350000005  0000000  0000000  0000000  0000000  00000000013081000262619980301                                         
S01V0127000057720160629P9960900016499071  0000000  0000000  0000000  0000000  0000000  0000000  00000000013082000240019980301                                         
S01V0127000070320160629P9960900016599071360000010350000003  0000000  0000000  0000000  0000000  00000000013206000862619980304                                         
S01V0127000061720160629P9960900016699071360000010350000002  0000000  0000000  0000000  0000000  00000000013122000862619980301                                         
S01V0127000072820160629P9960900016799071360000010350000001  0000000  0000000  0000000  0000000  00000000013231001996319980304                                         
S01V0127000066720160629P9960900016899071360000004350000009  0000000  0000000  0000000  0000000  00000000013170000862619980301                                         
S01V0127000066920160629P9960900016999071360000005350000007  0000000  0000000  0000000  0000000  00000000013172001081319980301                                         
S01V0127000062720160629P9960900017099071360000006350000007  0000000  0000000  0000000  0000000  00000000013132000862619980301                                         
S01V0127000062820160629P9960900017199071350000007  0000000  0000000  0000000  0000000  0000000  00000000013133000600819980301                                         
S01V0127000046520160629P9960900017299071360000008350000006  0000000  0000000  0000000  0000000  00000000012972004125419980218                                         
S01V0127000046620160629P9960900017399071360000009350000005  0000000  0000000  0000000  0000000  00000000012973001188319980218                                         
S02V0127000068420160629P996090001749907119980304G GANDAELE          9123456789001998020600001  040070002250000  0400700000000013187QE              0000000  0000000  0000000  0000000  0000000  0000000  00000000000000000000000000                                         
S01V0127000055120160629P9960900017599071360000001350000004  0000000  0000000  0000000  0000000  00000000013056000862619980301                                         
S01V0127000070220160629P9960900017699071360000002350000003  0000000  0000000  0000000  0000000  00000000013205000862619980304                                         
S01V0127000058820160629P9960900017799071360000003350000002  0000000  0000000  0000000  0000000  00000000013093000862619980301                                         
S01V0127000058920160629P9960900017899071360000004350000001  0000000  0000000  0000000  0000000  00000000013094000018319980301                                         
S01V0127000065320160629P9960900017999071360000005350000001  0000000  0000000  0000000  0000000  00000000013156001524719980301                                         
S02V0127000065520160629P996090001809907119980301DJWHEELHOUSES       9123456789001998021000001  040100008626000  0401000000000013158HX              0000000  0000000  0000000  0000000  0000000  0000000  00000000000000000019980227                                         
S01V0127000065620160629P9960900018199071360000006350000001  0000000  0000000  0000000  0000000  00000000013159001312619980301                                         
S04V0127000065720160629H9960900018299071199803010013160BH                                                                                                             
S22V0127000000020160629Y9960900018399071DR. MARK SAMPLE INC.     001912345678951880                                                                                   
S23V0127000000020160629A996090001843599071       DR. MARK SAMPLE    912345678900000000000000000000000000000000000000000067390000000000                                
S25V0127000000020160629B9960900018600000                            9123456789                                                                                        
S25V0127000000020160629B9960900018700000PAYEE 99072 PRACTITIONER 0009123456789E TO THE PAYEE                                                                          
S25V0127000000020160629B9960900018800000                      **NEW 9123456789Y CODE**                                                                                
S25V0127000000020160629B9960900018900000THE FOLLOWING IS A NEW EXPLA9123456789E:                                                                                      
S25V0127000000020160629B9960900019000000K5 - YOUR REBILLING HAS BEEN9123456789.  IN FUTURE PLEASE ENSURE THAT THE                                                     
S25V0127000000020160629B9960900019100000NECESSARY INFORMATION (EG. '9123456789PEARS ON THE FIRST LINE OF YOUR NOTE                                                    
S25V0127000000020160629B9960900019200000RECORD.                     9123456789                                                                                        
S25V0127000000020160629B9960900019300000                            9123456789                                                                                        
VRCV012720160629S00001922026-08-08 20:10:05                                                                                                                           
S21V0127000000020160630Z99609000001DR. SAMPLE Y2K REMITS    000145420000102071000000000000117295000000000                                                             
S01V0127037897220160630P996090000029902536000024035000012R0100002873100000013200000020200000033400000040310345000259619980520                                         
S01V0127037897020160630P996090000039902536000024035000012R010000287040000044010000001  0000000  00000000310343000259619980520                                         
S01V0127037897120160630P996090000049902536000053435000028P010000638  0000000  0000000  0000000  00000000310344000577419980520                                         
S01V0127037897320160630P996090000059902536000024035000012R010000287  0000000  0000000  0000000  00000000310346000259619980520                                         
S01V0127037895520160630P996090000069902536000021135000012Q010000284  0000000  0000000  0000000  00000000310277000259619980520                                         
S01V0127037895620160630P996090000079902536000001535000000R010000020  0000000  0000000  0000000  00000000310278000018419980520                                         
S01V0127037896820160630P996090000089902536000024035000012R010000287  0000000  0000000  0000000  00000000310341000259619980520                                         
S01V0127037895020160630P996090000099902536000024035000012R010000287  0000000  0000000  0000000  00000000310272000259619980520                                         
S01V0127037895720160630P996090000109902536000024035000012R010000287  0000000  0000000  0000000  00000000310330000259619980520                                         
S01V0127037896020160630P996090000119902536000024035000012R010000287  0000000  0000000  0000000  00000000310333000259619980520                                         
S01V0127037896420160630P996090000129902536000024035000012R010000287  0000000  0000000  0000000  00000000310337000259619980520                                         
S01V0127037896920160630P996090000139902536000024035000012R010000287  0000000  0000000  0000000  00000000310342000259619980520                                         
S01V0127037803720160630P996090000149902536000027635000014Q010000330  0000000  0000000  0000000  00000000308319000298719980508                                         
S01V0127037894920160630P996090000159902536000024035000012R010000287  0000000  0000000  0000000  00000000310271000259619980520                                         
S02V0127037895420160630P996090000169902519980520M MARK              9191654639661998051900001  001000002596001  0010000025960310276BDFDAFAKALBKBH36000024035000012R010000287  0000000  0000000  0000000  00000000000000000000000000                                         
S02V0127037745820160630P996090000179902519980506PDJAMES             9197279634001998043000001  001000002596001  0010000025960308535BD            310000156010000292  0000000  0000000  0000000  0000000  00000000000000000000000000                                         
S02V0127037745920160630P996090000189902519980506PDJAMES             9197279634001998043000001  199020002236001  1990200022360308536BDFD          010000237  0000000  0000000  0000000  0000000  0000000  00000000000000000000000000                                         
S01V0127037745620160630P9960900001999025310000156010000292  0000000  0000000  0000000  0000000  00000000308524000259619980506                                         
S01V0127037745720160630P9960900002099025010000237  0000000  0000000  0000000  0000000  0000000  00000000308525000223619980506                                         
S01V0127037895120160630P996090000219902536000024}35000012J01000028K31000000L32000000M02000000N34000000O0310273000259619980520                                         
S01V0127037896220160630P996090000229902536000021P35000012Q01000028R  0000000  0000000  0000000  00000000310335000259619980520                                         
S01V0127037896320160630P996090000239902536000001535000000R010000020  0000000  0000000  0000000  00000000310336000018419980520                                         
S04V0127037846620160630H9960900002499025201606300309989BH                                                                                                             
S04V0127037846720160630H9960900002599025201606300309990BH                                                                                                             
S01V0127037897420160630P996090000269902536000024035000012R010000287  0000000  0000000  0000000  00000000310347000259619980520                                         
S04V0127037803820160630H9960900002799025199805080309175BH                                                                                                             
S04V0127037803920160630H9960900002899025199805080309176BH                                                                                                             
S01V0127037804020160630P996090000299902536000036535000022}010000491  0000000  0000000  0000000  00000000309177000448819980508                                         
S01V0127037595120160630P996090000309902536000002435000011Q010000264  0000000  0000000  0000000  00000000304087000258319980424                                         
S01V0127037894820160630P996090000319902536000053435000028P010000638  0000000  0000000  0000000  00000000310270000577419980520                                         
S01V0127037896520160630P996090000329902536000024035000012R010000287  0000000  0000000  0000000  00000000310338000259619980520                                         
S01V0127037895920160630P996090000339902536000053435000028P010000638  0000000  0000000  0000000  00000000310332000577419980520                                         
S01V0127037896120160630P996090000349902536000024035000012R010000287  0000000  0000000  0000000  00000000310334000259619980520                                         
S02V0127037658820160630P996090000359902519980429R BIRDIE            9231074828001998042200001  012010006008001  0120100060380307792BG            36000007J35000026L010000605  0000000  0000000  0000000  00000000000000000000000000                                         
S02V0127037729020160630P996090000369902519980501G GOODGUY           9123039175001998043000001  001200004521001  0010000025960308383KF            36000024035000012R010000287  0000000  0000000  0000000  00000000000000000000000000                                         
S01V0127037896720160630P996090000379902536000024035000012R010000287  0000000  0000000  0000000  00000000310340000259619980520                                         
S02V0127037696720160630P996090000389902519980430DENOTDEAD           9130807489001998042300001  199020002236001  1990300011180308216CS            010000119  0000000  0000000  0000000  0000000  0000000  00000000000000000000000000                                         
S01V0127037896620160630P996090000399902536000024035000012R010000287  0000000  0000000  0000000  00000000310339000259619980520                                         
S01V0127037803620160630P996090000409902536000027635000014Q010000330  0000000  0000000  0000000  00000000308316000298719980508                                         
S01V0127037895220160630P996090000419902536000024035000012R010000287  0000000  0000000  0000000  00000000310274000259619980520                                         
S01V0127000019220160630P9960900004299025  0000000  0000000  0000000  0000000  0000000  0000000  00000000000934000185019960330                                         
S01V0127000019320160630P9960900004399026  0000000  0000000  0000000  0000000  0000000  0000000  00000000000934000090019960330                                         
S02V0127000019420160630P996090000449902719960330CCPATIENT 2         9128157289661996020900001B 085230002540001B 0852300000000008947XX              0000000  0000000  0000000  0000000  0000000  0000000  00000000000000000000000000                                         
S03V0127000019520160630R996090000459902919960330DDPATIENT 3         9130716251001996030100003L 009280003240003L 0092800000000008568AAABAC          0000000  0000000  0000000  0000000  0000000  0000000  00000000000000000000000000                                         
S04V0127000019620160630H9960900004699029199603300008568FV                                                                                                             
S03V0127000019720160630R996090000479902619960330E PATIENT 4         0151689472001996010200001B 094820002575001B 0948200000000008940  ZY            0000000  0000000  0000000  0000000  0000000  0000000  00000000000000000019950831                                         
S03V0127000019820160630R996090000489902619951010F PATIENT 5         9705514206001995100500001L 003480002140001L 0034800000000006553  AA            0000000  0000000  0000000  0000000  0000000  0000000  00000008260551638000000000                                         
S01V0127000019920160630P9960900004999026010000000  0000000  0000000  0000000  0000000  0000000  00000000007748000119819960130                                         
S02V0127000020020160630P996090000509902619960130PJKEEPWARMER        9713317201001996010300101B 091070098677001B 0910700986770007748              020000000  0000000  0000000  0000000  0000000  0000000  00000008243061891000000000                                         
S01V0127000020120160630P9960900005199027010000001020000002350000010040000020360000005410000005  00000000007746000254019960130                                         
S01V0127000020220160630P9960900005299026040000000  0000000  0000000  0000000  0000000  0000000  00000000007772000092519960130                                         
S01V0127000020320160630P9960900005399026  0000000  0000000  0000000  0000000  0000000  0000000  00000000000002000084119960130                                         
S03V0127000020420160630R996090000549902619960123GNTEST3             9901189981001996010400001  091680001098001  0916800000000000075BC              0000000  0000000  0000000  0000000  0000000  0000000  00000008243062340000000000                                         
S03V0127000020520160630R996090000559902619960121S TEST4             9100253305001996011200001  091000001482000  0910000000000000083HAVO            0000000  0000000  0000000  0000000  0000000  0000000  00000008243062346000000000                                         
S02V0127000023620160630P996090000569902919960229CWHELLO             9114505520001996022800001  191000001482001  1910000000009994584XZ              0000000  0000000  0000000  0000000  0000000  0000000  00000008243061850019951031                                         
S04V0127000023720160630H9960900005799029199602299994584AM                                                                                                             
S01V0127000023820160630P9960900005899029  0000000  0000000  0000000  0000000  0000000  0000000  00000000908589000640019960123                                         
S01V0127000023920160630P9960900005999029  0000000  0000000  0000000  0000000  0000000  0000000  00000000000958000041019960229                                         
S22V0127000000020160630Y9960900006099026DR.A99026NAME............000168028000158028                                                                                   
S22V0127000000020160630Y9960900006199028DR ROBERT K. HOLLOBONO IC000027101000009632                                                                                   
S22V0127000000020160630Y9960900006299027DR C99027NAME            009930951009813199                                                                                   
S23V0127000000020160630A9960900006302PRACT #/ID.ZROLLBACK ADJ.......ZA000000102512345678900000580K000005802000000899000001299000009123                                
S23V0127000000020160630A9960900006410 020965034 ZMSP GRP PREMIUMS   ZG0000000525123456789023456789003456789123456789000456789000056789                                
S24V0127000000020160630S9960900006520            ZLIFE INSURANCE    ZA000000000000000000000000000000000000000000000000001589M000000000                                
S24V0127000000020160630S9960900006660            ZEMERGENCY ADVANCE ZA0000000000000000000000000000000000000000000000000380056000000000                                
S25V0127000000020160630B9960900006799026PAYEE 99026 PRACTITIONER 99026  DR. ROBERT K.  HOLLOBONO INC.                                                                 
S25V0127000000020160630B9960900006899026****************************************************************************                                                  
S25V0127000000020160630B9960900006999026****************************************************************************                                                  
S25V0127000000020160630B9960900007099026*****                     TO ALL PRACTITIONERS                         *****                                                  
S25V0127000000020160630B9960900007199026*****     DUE TO PROCESSING PROBLEMS, MULTIPLE SERVICES                *****                                                  
S25V0127000000020160630B9960900007299026*****     WITH THE SAME FEE ITEM ON THE SAME DATE HAVE BEEN REFUSED    *****                                                  
S25V0127000000020160630B9960900007399026*****     " HA ".     WE WILL BE RE-PROCESSING THESE SERVICES.         *****                                                  
S25V0127000000020160630B9960900007499026*****                                                                  *****                                                  
S25V0127000000020160630B9960900007599026*****     IF AFTER 60 DAYS THE SERVICE HAS NOT BEEN PAID PLEASE LET    *****                                                  
S25V0127000000020160630B9960900007699026*****     US KNOW.                                                     *****                                                  
S25V0127000000020160630B9960900009699025                ** SAMPLE BROADCAST MESSAGE          **                                                                       
S25V0127000000020160630B9960900009799025THE CANCELLATION DATE OF THE FOLLOWING FEE ITEM HAS BEEN EXTENDED TO                                                          
S25V0127000000020160630B9960900009899025SEPTEMBER 30,1998 OR WHEN REPLACED BY A SUBSEQUENT MINUTE, WHICHEVER OCCURS                                                   
S25V0127000000020160630B9960900009999025FIRST.                                                                                                                        
S25V0127000000020160630B9960900010099025P07041 ASPIRATION: ABDOMEN OR CHEST - OPERATION ONLY $31.76  ANAES LEVEL 2                                                    
S25V0127000000020160630B9960900010199025                                                                                                                              
S25V0127000000020160630B9960900010299025** WELCOME TO MSP'S TELEPLAN DATA TEST REMITTANCE FILE TEST FORMAT ONLY  ***                                                  
S25V0127000000020160630B9960900010399025** THE FIRST -7-  RECORDS ARE S25 REMITTANCE BROADCAST MESSAGES(LINETYPE=B)*                                                  
S25V0127000000020160630B9960900010499025** ALL   RECORDS ARE PROVIDED ONLY TO VERIFY RECEIVING OF A FILES FORMAT ***                                                  
S25V0127000000020160630B9960900010599025** THEY ARE NOT INTENDED TO SELF BALANCE IF YOU HAVE PROBLEMS THEN CONTACT *                                                  
S25V0127000000020160630B9960900010699025** THE TELEPLAN SUPPORT CENTRE AT 250 952-2668  OR 1-800 663-7206          *                                                  
S25V0127000000020160630B9960900010799025**  FILE DATED JANUARY 19TH,2001       (CONSISTS OF 88 RECORDS)            *                                                  
VRCV012720160630S00000882026-08-08 20:10:05                                                                                                                           
VTCV01272026-08-08 20:10:05 S0000280C0000084B0000006M0000001X0000000V0000003 0000000 0000000 0000000 0000000 000000000000374                                          
